54 11111111 10111111. 11111 1. 11013.

111111 10111111 temp. 11 40 om. 11111101 11111. 'le—¹⁹2¹&
111111 1111 4,10 1111 1210 och 1113111. 111111111310. Vid lokal
11111111 1111001111, 111 101111 I dy.

Huru 1111111111 11011111 1111111111 11111 11111 och
1011111111, 11111111 11111 11 11 111 1111111111111111111111
1111 1111111 1 Τ11111 sm, 11111111, 11 90 1111 djup i bott-
111111111 p& 1111 som d. '⁶l7 111111 11 9,10.

Η1111111 1111111111 1110011111, 11111 111 111 11 gang
blifvit 1111111111, 11, 11111 1111111111111111 1. 14111901. Yt-
1111111 11 1210, 1111111 11100111111175111111111111111
11011111 ager 11 75 1111 djup 0,10 111111, 11110011111110,1
och 11 10111. 0110111111 temperatur. Βο11111 1111111111
11111111111111111 under 111 11111111 1111111111 11111 med
1111111 11111111111111111 (11 1111111111111111111111111111,
11111111 111 1111 11 1111111 1181111.

Fran finska 11111 1111111 1111111111. Ηο11111401. 101113),
111 ju 111111 och djupare 11111111111011111111111111111
111 11111 1011111111 0111111111 under 1111111 och 1111111.
1111031 11111111 1110111 11111111111111 2301111111111
, 1111 11311 111111 11111 11111 111 111Ε1011,111111(111)1ο11
11 3-13 1111111111.

11111111 1905 111 11111 111111 Η1111111110011111111-
1111 25 om.; vid en 11111111111111111 - 2⁰ 1111111111111
1111 10 och vid bottnen 1121111111 djup ÷1,⁵⁰. Vid
lokal ΙΙ 1111111 35 011, mellan 11111 och 11011111 1111115
111. 111111, 11111111 111 11011111 111 † 1,10. Samma tempe-
ratur hade 0011111 pa 50 011. I 1111111111 10111 1111 111111
111 1111111111) 11 50 111. 00111111111.

8111111111111 111, som 111 11111111111111 1111 11 11111111
11 111111111111111111111111, 1111111111 111111 Ρ1 1111111
11111111 11111111 temperatur 1111 1111111011 11,Βο
11 11111 1111111 1111111; 1111 1111111111 ph djup
11 50-70 111., 111111 11111111 11111111111111111, 11
1111111111111111111, om 1111 111 11 001111111111,
omkring ÷l⁰. 8110011111 har under 1111111 och
1111111 afgifvit 1111 1111111011 11 11111111111111-
111. 11011 11111 11111111111,1111111101111111, 11
111111111111111111 under 1111111 13 1111 140.
Under 11111 11111 islossningen 1111111111 1111111
11111111 inge, 111111 111111111111111111111 sinnas

under vegetationsperioden mellan 11111111111111

 

