1111011111, 3111111111. 011 110111111111111111131110101111. 31

011313 pa den 11313 103 N. 1, knoppar 31 11-1511113111311.
Ι)3 Schillin'gska 31311131 dag 3311 13131131 jag 1111111 1313
1313311113 mod 1111111333 31311311 31131313 0311311. Ρ3113 13113
11131313 1111111133110 131 jag 0311 1111131131 1110101131, som,
ehuru de 13 3110111131133311113,11131113131131111111111331-
1113 om 8311111133313111131. Nu afsedda 111010113111311 113301
110113 31 3131113131 310 3111113113 1 fig. 33 331 34. Dei dossa
113. 31111113113 111310113111331111133131131 3131113131, (13111311
311 113133 3111111311 31 1111111311 31131 mer 31 1111111311 131313
331111 11111131 31131313, 31 11311 1101313131113 03113110380111-
11133 1113 1131311133 31311111. Fig. 6 13. 103 8111111113 1111131
1330111111 fig. 33, men 1313 131 2 110113 0311311 rad 3113131,
1131 min 13111313. Dei fig. 33 031 34¹ afbildade 111310-
113113 13 11111 03111333 11131 1111113301 031 3113131111131
031111131311. 1)3333 1110101131 11133131113011311313311331311131
mellan Sehillings 31311131 001113 131113311131 (113. 26).

Ρ3 1103131111313 men 131113113111311333311133 111111-
111331 1313101113 1311 0113 1110101131, 301131013111133131-
13111111331 31 113 31113 31311313111131131113. 35). Β13111111313
011113 3311313 131131113113 1113101131, 301111111133 3311111111-

garne, ska-ll jag 11313 mig med 311 1331111113 3 301131, som '

synts 11131313 131113331001 113311313113113113113. 1113311111
sort 31 3111113111 fig. 36 301 1111131131313,113113131111311
1111313111 3131113133131 1311 31 31311131301113113113111333, 33
311 (1313311113 1111131313 1 201131 1131311113 1313313, run-
113113 331131, 1111113 bada 1311 31 311311 3131111131101 101311,
1113313131 331131 30111 de 3113 111031131131 fig. 28. En 111131
131113 1311313113 af 113 3113 3131131311113113 31 3111113111
113. 37. Hos 31 3311311 1311131 31131313 31311131031131 131131
1011301131 11311311333 00111311331011 3111311113 1 31 undre 31-
11111311 301 31 3113 13133113311, 3131111131311131313001131-
1111 0311, som 13113 13 31 13111 1131111131 3111111113. 11111
11113111 1111113 3131131311113113 1313 1131131 33111311311113113,
311 (131 1131 113133 31131313, 1111113113 cell 11113011 11311131
11111111 cell, 3011 13113131311111131311131(113. 38). (13111113-
11311311 alla 1311311113113 313113131111313 3113 3311313131311111131
031 113133 0311133331 310 tunna 331111 111311 1111113301. 111333-
13131113 1311311111331 31 3131131311113131011311333113133133-
former 113113111131100133131113313131. Den i fig. 36 31-

¹ Trichomorna i 113. 33 o. 3411111133131111311311111311 11311 0111111113
rosp- 0,o⁵ 0310116 mm.

 

