32 3311131133 33313111. mn 7. 133 3.

11113333, 13333331333 3131331333313 11313133 3131331133113331311-
31113 1133331113. 28. 013333333331131113333 i 113. 37 3333 ej
1133333 1333 3313331333 1 113. 33, 3311 333333333111113331333-
333331333133 1 113 38 3331131133 313 113333 1 113. 29.

1133 31 1 313 3333133 333 331133 33333 3313 313 313131333,
som 1311313333 3331133 313311333333. Ρ3 1133333113 333 3133113
11333 31133 13333 31331. 1133 som 113311313 1333 8331111333 31313·
1133 p& 11333 3133113333 1133 331 1333331333 menan 33 13113133
113333 333333 knoppen 3311 3111313333313 31313313 3111 3113-
333333 hoplimning. 133131333 1331133 1333331123333133-
11333333 3311331133 31331 333333133333331113311 331 13313113
13311 8331111333 3133111111, 3133 313 3113 1133 kommit- 13333331,
33 331 331333, 113133 3331 33333 31331333 ej 3331113333 pa 2333
3133113333. Ι 33313133 1331133 2333 3311 &die 313311333333
3333333 31331 1133 33331333 ej ha 1133111113 1333 8331111333
31331333, ty 333333 sinnas oj alls 3333331313 3133113333.
Ι 3333313333 rum 3311331133 31331 313333 33 1133111111 1333
3111333333333 31331133333 31333333333 33331133 31133 1333 de
3313331333, som verkligen 113333 p& (1311 &dja 3133113333.
Frfin de· 3311333 1133331 33333 31313 1333 3133333 3331131111-

’· 1133. De 3313 313313133313333 113 1 31333333 331133 3333 113311,

33333 3333 3311, fast· jag 1333 350 3333333 1333333133 313313
3333 113333 1133313333 1 33333 3333, vill jag ej 33331133 11131-
113113333, 31 333 33333 3333 1133 p& 33333 3333 1333133333.
Η333 33333133 33 113133, 313311333ηά3 113333 vidkommer, som
33 31313 3133113333 333 3333113 313333, 33 113 33 33333133
33333 333333, 1113111111 333 knappt finus utrymme 133333
33113333ι 31133 3111 313331133133, 3311 331 jag ej 3311333333
33333 311133313133133 3111 1113333. Κ3311333 33333 3133131133
33133 1133 33333 1133 till 33313133 3133133 31313 3133113333, 0311
333 33 3331133 333 33 31133, 33 1133 33333 3313331313113131311311
3311333 1333 3333333333 3333 3333. Det 33 3133331333 33
333113 1333333113133, 333 31313, 3313 11333331 3111 33333333,
1133133 13311 331133333333. 333 33333 3331( 33311333,2 331 333

3131111333, 3313 ph 3133333333133313333 1133 Ρ33333 3313333133

¹ So J. 1131333313. 131133 313 Organa (133 Harz- 11338311131111-311133-
ἀεηύῐιὶεζ1111311111 Ϊξὲυέἒιῃᾙῐῗιῖἒ, (1111133Ζ391131121531333333 333 33313 33331 33133311
3331313 pk 13313311 af inre 11311 1 knoppen 1133 Populus candicans Ait. 131·-
11113 1333133 313 1313333311 31 331-31113313, 11133333333111133331131133 33331131·
3333313133 som 133311311331 (131133131333 33313333133 31 33133333333333111·
311 3333113 3333131313 1333, 1113. Ρ. G. E. ’11133111133333111131313311113113333·
3133, V. A. 0133331113, 833311113113, 18841.

 

