 

11. 1011111011, 1111111011 1110111 111. 25

11131111. Β1111 11111 och styfva, 111111 1111111111111, 1111111-
1131, 1111311116 1 11131111, 1111111111111113111111111 11011111.
110111111111 breda, de inre 11111311 111111 1331111111 01111011
1111111131, 111 31111111111111311111133111111 1111111111111161111
0111 111111 1111311111 111111111131,111161111111111113111131
11111111 111, 11111 111111111111 101 111111111011 1011111131
11111 11 11011 1111111111. Κο13111111113 11011, men hos 111111
individ casium-arta& 1-11111111 2-20 (40) mm. Κο13111111
3111111131 11 ludd 111 111111 1011111. 11311110111131 110 111
11311111 110111 001 111111 101111111; 11111111111114,1-61111.
011 111311 9-10,1 mm.; ·pipen 11 110111 001 11301111 11011,
101111111 111111111 1111001 111111311 1111111111113311, 111
11111 11011111311 1611 10111111110111 11 11 11611, 1131111111
1101. Ηο1111111111 110 0111111, 111 31116 11111131 till rund-
11111131; 111 111111111311111 1111311111 men 11111131 11111 1
11111111 1111111131 1011111311 1111 11 1011111111, 1111110111
1111 1111111 111111 1111111111111 och t. o. m. sylspetsade; men
0111 110 1111 1111111 11311111 11111131111111111113311. 116111
0111111111 11111111 1101111 ej 1131111111 1011111 11111111, 1111-
1111 1111111 1111111 110 11111 11111, 111 de 110 11301111 10111 001
1111 11111 bas 1111111111 1011111111. Τ111 111311 11010111111
3111111131 med genomskimrande 1111111111 31111111311111111111
1 111311111111 1111111 111 110 11111111 11 11111311 1111, 111111
1111111111 11111 101111111111 3161111 111111111, 111111311 110111,
· m. e. m. 3111111111111, 3101111131, 1111111111 1111 1111111311 1111
111 1111111301 3111111, 11301111 110111 311111111. Β1011111311
1111111111 311 (1111111111).

Vid Bjfirkliden 1ὃ11110111111 1111111 111111111111111111611
af 1111111310111, 1111 den 11 11301111 1111111111, som 111311
ned i 1101113111 1111111311, 1111111111111311111111111111111111
1111111101 Η . 1111113111 Α11111. ,

19. Η. 1111111111110111.

J. P. N ORRLIN, Bidr. 1111Η1111011111101111 Skand. 1111111
1111111111 111111 p. 89. - 111, Η111. 1111, 111 106 1 107. - Η.
1111111111, Η111. Hier. 11111110111. 111197, 11111173.

Nuoljafjfillets 161111 sluttning vid Abisko. Spars.

 

