36 1511155511 1101111511. 511111 7. 11εο 9.

055 11555111 5551551111 sig 55515115555555 51 5555515355 11525155
vindlingen 5155 (1555515155 505 knopp I 55 505 knopp V.
5555151555 1151155155 555111155555 55115 555 51055 5 mm. lIngt.

Gr6n N. l knopp (IV) 51 84 mmis 1511311005 55 11151155
(IX) 51 85 151515 155311. 1155551501155555115 1555 511111115-
gen 55355 1555 51155 15151155 515555 1155. 5551155555115511555
55551155 55555 5555555115 1510110111 51 figzs 33 005 34 1155555115,
5015 11001 155515 5050 551105 11055555 55 5551185. Ρ5115ὃ1511ζ5
vindlingarna sinnas i 5555155513551311 10555, vanliga och
51551555511115 555, 51 551115 55355 005 115555 (1510555555550
5555555115 1555 115 51155 115555 550 5115510155 055 551135 30
005 31 1155555115 och 5505151 51155 550 51151155. 1155511555
5155115355 115 115 51155 115555 5110155115 55555 1555555515 555051
51 155855 55551535. 1111151155 5155115115555 505 115555 1150111155
ligga 5551115115 hvarandra 0011 55 55515555 5555551155 55 1105
II 0011 V, 55 555 55151555 11515 55151155 550 obetydliga, 55115
155355, 1555 51151 55151155 5555555115 51155 551115, 5551185 och
515511555511115 55555 p& 2÷dra 0011 3ε11155151111535555,50511155-
stades 115555, da knoppen var yngre 0011 gul, 55 555 5585
1551115155. Ρ5115 555555555115 3 vIndlingarne 115 aldrig nagra
andra 55 110555 och vauligen tilltryckta 1151 11155115, 5555
115555 vindlingar rodan 1515 5111 daning 005 5155 5555155115
1530 55 5555 inp& 5555551155. 1115515115 p& alla vindIIngar
51555 manga 51115 51551815511155 (fig. 35), 515511 1151115 55 51155
55555 1555555 1555555555 1155555115, 1155115555115 015 555555
(fig. 511-581. Knopp IV fanus 55 samma 50555051 som V,
ΙΙΙ, VI och VIII. En N. 1. 1505111111115175111515155311,
5015 5555551555, 5155555555515115 55115155551151155555515355
mod IV och IX. Anmssrkningsviirdt 155 5555, 55550575
51155 knoppen 20 mm. 155115 1155 5555015555115115515115151555
5111 005 15511 18 mm. 0155501511555 555 51155 5111155551535111
5055500155. Det 155 115555 555 5550155515 555, 5551555115
555555 8550155155 knoppar 51115 3 sonares 5505151511555111
005 med 15151155 (ΙΙ, XI) 551551 5115115555 51 1501111555 11151-
155555 del, 55115 55155150555 511 511115155 515555511115 1551155
klibbig 555515.

NIgra andra knoppar 5555551555 0015155 som doras
55515153 555151110151115 1115 5555515355 1105 55305 515511 de
1555555155115, 1155 jag 51 555555 1155 5555 55111115 555 nu 15110-
81155 15511515. 1155518555115 vill jag 0151515, 555 1105 555 20
mm. 1511115 5105151511, 5015 5555555511515115555105115055,

 

