10110010, 10010110. 011 010110111110111000 1010001100, 55

. 1011101103 01101 1130101110.

i 11101. Toppen 01 011 3010111. 11001011111111010100100101110101-
knoppar hos 1101001100 alba. 100.
1 2. 111010 0011011110 00110 10100 01 0001100011 000 1000001010. 200.
1 3. 11111101, 11011010 000 0110110010 0111110 01111100 1100 Vero-
0100 0111011010. 200.
1, 4. 10110 10100 01 00 101000 00011110 011111001100111, 10011
Ι 1011 01001 011111 010101011 000 1110110 1011011100. 200.
1 11. 0110 10100 01 011 band 1 00 01100 1011100000 1000010010. 200.
» 610110101οη, 001 01000010 01000001110110000011010, 1111
011 001010111110011 1110 001111111011100 1111110 1111100110. 200.
» 1. Ε1111100001 00101000010 01 00 00111000 1110 0111110οε 00110
101 000101111100100111101110. 250.
» 8. En 00001-010110001110 011111100100 000 Gali-um 0010010. 350.
›> 0. En 010110 00111003 1110 0101100100 000 1000001100. 320.
» 10. Βο000 01 011 011 pix 0101100100 000 100010 campestria 320.
» 11. 1111011101 0111001010 011 11111 000000000101000000011101·
110110. 260. ·
» 12. Βο000 01 011 1110οο10 1110 01001000 000 Salvia horminum. 130.
>› 13. En 001010111110111 0101010100 1111 011 11100001, 01010000111
01101001 1010010010 fig. 01011101, 1110 1000010010 0001010-
011100. 130.

n 11. Εο kagelformig 01010101001111 011 11100010 10011110100 bas som
1010010010 000 100000000010100011100. 130.

>› 10. 1100100101, som 01110111011000 01011 011001 11100001, 111010
1100 1101011101 1 fig. 12,1110 1000010100 00000011100. 130.

» 16. 11111011 010010 af nedre delen 01 011 101100111111 1111· 11111
010001011011100 11111011 1191101101. 120.

rs 11. 110100 01101 00101010 10100 01 011 0100101 00011 0110011111·
1110 01111100 1100 1000010100. 100.

2» 18. 0110 10100 0101101001010111110 00110 101011 0101101100 1100
1101100110 0001010010. 240.

» ,10Ι 1111010010 0100010100 1111 011 00000101000011000 1101100110
0010100100. 400.

n 20. 8110011110, 00110110011110, 1110 01111011111010 1101100 1100111111
0101100. 300.

» 21. Scabritielikt 011 11111 0111101 1100 1000001100. 200.

“ 122.801011110111001111011111010110000110001000010010. 280.
0 23. 80111000 1110 0110 10101101 0101100100 1100 Cam limosa. 200.
0 24. 011101001111111110 01010000 1100 1100000100 arenarius. 201. ,

 

